42081001, 2.49
42082001, 1.79
42083001, 3.99
42084001, 3.99
42085001, 2.99
42086001, 2.0
42087001, 11.59
42088001, 4.99
42089001, 3.59
42090001, 4.79
42091001, 6.99
42092001, 1.0
42093001, 2.49
42094001, 2.99
42095001, 2.99
42096001, 3.49
42097001, 3.99
42098001, 3.49
42099001, 2.5
42100001, 2.99
42101001, 7.29
42102001, 7.29
42103001, 1.54
42104001, 0.78
42105001, 2.62
42106001, 3.42
42107001, 1.34
42108001, 0.85
42109001, 2.57
42110001, 0.81
42111001, 2.8
42112001, 2.61
42113001, 1.71
42114001, 2.44
42115001, 1.66
42116001, 2.43
42117001, 2.69
42118001, 0.74
42119001, 1.96
42120001, 3.64
42121001, 1.42
42122001, 1.77
42123001, 3.17
42124001, 2.4
42125001, 1.82
42126001, 2.95
42127001, 1.76
42128001, 1.16
42129001, 0.67
42130001, 2.53
42131001, 3.19
42132001, 2.63
42133001, 2.56
42134001, 2.86
42135001, 1.96
42136001, 2.5
42137001, 3.61
42138001, 3.87
42139001, 2.93
42140001, 1.55
42141001, 0.55
42142001, 1.57
42143001, 3.58
42144001, 0.62
42145001, 2.21
42146001, 0.88
42147001, 1.4
42148001, 1.38
42149001, 7.99
42150001, 14.99
42151001, 16.99
42152001, 7.99
42153001, 14.99
42154001, 7.99
42155001, 16.99
42156001, 0.79
42157001, 1.58
42158001, 1.71
42159001, 1.81
42160001, 1.87
42161001, 3.65
42162001, 3.44
42163001, 2.49
42164001, 2.5
42165001, 2.5
42166001, 2.5
42167001, 2.5
42168001, 3.0
42169001, 3.0
42170001, 3.0
42171001, 3.0
42172001, 3.0
42173001, 3.0
42174001, 3.0
42175001, 3.0
42176001, 3.0
42177001, 3.0
42178001, 3.0
42179001, 3.0
42180001, 2.5
42181001, 5.49
42182001, 2.5
42183001, 2.5
42184001, 3.0
42185001, 3.68
42186001, 3.64
42187001, 2.66
42188001, 2.6
42189001, 1.81
42190001, 3.4
42191001, 3.82
42192001, 1.87
42193001, 1.94
42194001, 1.45
42195001, 2.64
42196001, 0.68
42197001, 1.67
42198001, 3.17
42199001, 3.63
42200001, 1.17
42201001, 3.79
42202001, 1.65
42203001, 2.8
42204001, 0.61
42205001, 1.77
42206001, 1.84
42207001, 2.53
42208001, 1.91
42209001, 1.85
42210001, 2.96
42211001, 1.14
42212001, 2.41
42213001, 1.72
42214001, 2.85
42215001, 0.58
42216001, 2.74
42217001, 0.84
42218001, 2.59
42219001, 1.9
42220001, 1.93
42221001, 3.51
42222001, 1.86
42223001, 0.73
42224001, 1.36
42225001, 2.19
42226001, 1.74
42227001, 2.55
42228001, 1.63
42229001, 3.0
42230001, 3.0
42231001, 3.0
42232001, 3.0
42233001, 3.0
42234001, 3.0
42235001, 3.0
42236001, 1.0
42237001, 1.0
42238001, 1.0
42239001, 1.0
42240001, 1.0
42241001, 3.09
42242001, 3.09
42243001, 7.69
42244001, 3.59
42245001, 2.34
42246001, 1.63
42247001, 1.42
42248001, 1.32
42249001, 0.99
42250001, 1.81
42251001, 1.48
42252001, 3.62
42253001, 3.45
42254001, 2.83
42255001, 2.94
42256001, 2.73
42257001, 2.22
42258001, 1.56
42259001, 0.83
42260001, 1.85
42261001, 2.44
42262001, 1.16
42263001, 2.99
42264001, 2.19
42265001, 3.89
42266001, 3.29
42267001, 1.69
42268001, 3.99
42269001, 1.99
42270001, 2.09
42271001, 7.98
42272001, 4.39
42273001, 1.53
42274001, 2.83
42275001, 1.42
42276001, 1.74
42277001, 2.24
42278001, 2.29
42279001, 14.29
42280001, 7.99
42281001, 7.99
42282001, 7.99
42283001, 7.99
42284001, 7.99
42285001, 7.99
42286001, 7.99
42287001, 14.29
42288001, 7.99
42289001, 7.99
42290001, 14.29
42291001, 7.99
42292001, 7.99
42293001, 7.99
42294001, 7.99
42295001, 7.99
42296001, 7.99
42297001, 7.99
42298001, 7.99
42299001, 6.59
42300001, 6.59
42301001, 6.59
42302001, 2.99
42303001, 1.19
42304001, 4.79
42305001, 2.99
42306001, 3.99
42307001, 3.99
42308001, 2.99
42309001, 0.99
42310001, 0.99
42311001, 2.29
42312001, 3.09
42313001, 2.29
42314001, 2.14
42315001, 3.99
42316001, 3.99
42317001, 1.99
42318001, 3.69
42319001, 3.69
42320001, 2.97
42321001, 1.75
42322001, 0.7
42323001, 2.81
42324001, 6.99
42325001, 6.99
42326001, 6.99
42327001, 3.19
42328001, 9.0
42329001, 2.49
42330001, 1.49
42331001, 4.39
42332001, 2.79
42333001, 2.99
42334001, 2.99
42335001, 2.99
42336001, 2.49
42337001, 3.29
42338001, 6.99
42339001, 3.79
42340001, 6.99
42341001, 3.29
42342001, 6.99
42343001, 3.29
42344001, 6.99
42345001, 3.29
42346001, 2.49
42347001, 2.19
42348001, 2.19
42349001, 2.19
42350001, 2.19
42351001, 5.99
42352001, 5.99
42353001, 5.99
42354001, 8.69
42355001, 3.69
42356001, 1.89
42357001, 3.69
42358001, 1.89
42359001, 3.69
42360001, 1.89
42361001, 0.99
42362001, 1.69
42363001, 3.29
42364001, 1.69
42365001, 0.93
42366001, 1.68
42367001, 2.95
42368001, 2.92
42369001, 3.76
42370001, 2.95
42371001, 0.97
42372001, 2.74
42373001, 3.56
42374001, 3.44
42375001, 3.1
42376001, 1.61
42377001, 0.68
42378001, 2.76
42379001, 1.69
42380001, 1.57
42381001, 2.33
42382001, 1.86
42383001, 4.19
42384001, 3.35
42385001, 2.61
42386001, 3.64
42387001, 3.5
42388001, 3.5
42389001, 2.5
42390001, 2.5
42391001, 2.5
42392001, 2.99
42393001, 3.5
42394001, 2.5
42395001, 3.29
42396001, 1.09
42397001, 1.29
42398001, 4.99
42399001, 1.67
42400001, 1.0
42401001, 1.67
42402001, 1.67
42403001, 1.67
42404001, 1.0
42405001, 1.67
42406001, 1.67
42407001, 3.19
42408001, 1.67
42409001, 1.67
42410001, 1.67
42411001, 1.67
42412001, 1.67
42413001, 1.67
42414001, 1.67
42415001, 1.67
42416001, 1.67
42417001, 1.67
42418001, 1.67
42419001, 9.19
42420001, 2.98
42421001, 1.0
42422001, 5.29
42423001, 1.67
42424001, 1.67
42425001, 3.19
42426001, 1.67
42427001, 1.67
42428001, 1.67
42429001, 1.67
42430001, 1.67
42431001, 1.0
42432001, 1.67
42433001, 5.0
42434001, 8.99
42435001, 0.89
42436001, 0.89
42437001, 0.89
42438001, 0.89
42439001, 3.28
42440001, 4.39
42441001, 4.39
42442001, 2.99
42443001, 4.39
42444001, 4.39
42445001, 4.39
42446001, 8.79
42447001, 4.39
42448001, 4.39
42449001, 4.39
42450001, 2.99
42451001, 1.43
42452001, 0.72
42453001, 2.54
42454001, 1.6
42455001, 3.5
42456001, 1.37
42457001, 2.96
42458001, 3.97
42459001, 1.31
42460001, 2.82
42461001, 1.3
42462001, 1.18
42463001, 2.48
42464001, 3.31
42465001, 0.9
42466001, 1.17
42467001, 2.69
42468001, 1.24
42469001, 1.13
42470001, 2.45
42471001, 0.77
42472001, 2.32
42473001, 1.68
42474001, 2.26
42475001, 3.32
42476001, 1.47
42477001, 1.49
42478001, 1.3
42479001, 1.72
42480001, 3.99
42481001, 1.99
42482001, 1.59
42483001, 1.99
42484001, 1.29
42485001, 2.14
42486001, 1.11
42487001, 2.31
42488001, 1.27
42489001, 1.91
42490001, 1.57
42491001, 2.64
42492001, 1.51
42493001, 2.21
42494001, 3.93
42495001, 3.7
42496001, 1.21
42497001, 1.66
42498001, 1.68
42499001, 1.45
42500001, 0.74
42501001, 0.81
42502001, 0.71
42503001, 1.15
42504001, 1.28
42505001, 1.32
42506001, 3.95
42507001, 1.22
42508001, 2.91
42509001, 9.99
42510001, 19.99
42511001, 1.79
42512001, 1.5
42513001, 1.5
42514001, 4.29
42515001, 4.29
42516001, 4.29
42517001, 4.29
42518001, 4.29
42519001, 4.29
42520001, 3.99
42521001, 3.99
42522001, 3.99
42523001, 3.49
42524001, 3.49
42525001, 3.99
42526001, 3.99
42527001, 3.99
42528001, 3.99
42529001, 3.99
42530001, 2.19
42531001, 2.19
42532001, 5.49
42533001, 2.19
42534001, 2.19
42535001, 3.99
42536001, 8.99
42537001, 2.19
42538001, 1.09
42539001, 8.69
42540001, 2.19
42541001, 2.19
42542001, 2.19
42543001, 2.19
42544001, 2.19
42545001, 8.99
42546001, 2.19
42547001, 2.19
42548001, 5.49
42549001, 2.19
42550001, 2.19
42551001, 2.19
42552001, 1.09
42553001, 2.19
42554001, 2.19
42555001, 8.69
42556001, 2.19
42557001, 2.19
42558001, 2.19
42559001, 2.19
42560001, 2.19
42561001, 2.19
42562001, 2.69
42563001, 3.79
42564001, 3.79
42565001, 3.79
42566001, 3.79
42567001, 3.99
42568001, 3.99
42569001, 2.99
42570001, 3.99
42571001, 3.99
42572001, 3.99
42573001, 3.99
42574001, 3.99
42575001, 3.99
42576001, 4.29
42577001, 4.29
42578001, 2.59
42579001, 3.39
42580001, 3.79
42581001, 3.79
42582001, 4.29
42583001, 4.29
42584001, 4.29
42585001, 10.99
42586001, 10.99
42587001, 10.99
42588001, 10.99
42589001, 10.99
42590001, 10.99
42591001, 10.99
42592001, 10.99
42593001, 10.99
42594001, 10.99
42595001, 1.28
42596001, 6.79
42597001, 1.0
42598001, 2.59
42599001, 10.49
42600001, 10.49
42601001, 10.49
42602001, 18.99
42603001, 18.79
42604001, 10.49
42605001, 10.49
42606001, 10.99
42607001, 28.49
42608001, 10.49
42609001, 10.49
42610001, 10.99
42611001, 10.29
42612001, 10.99
42613001, 9.99
42614001, 10.99
42615001, 26.99
42616001, 26.99
42617001, 29.99
42618001, 10.49
42619001, 10.49
42620001, 10.49
42621001, 10.99
42622001, 2.79
42623001, 2.99
42624001, 5.29
42625001, 5.49
42626001, 4.99
42627001, 2.49
42628001, 2.49
42629001, 3.49
42630001, 3.19
42631001, 4.79
42632001, 2.0
42633001, 7.69
42634001, 3.49
42635001, 2.79
42636001, 2.79
42637001, 0.83
42638001, 2.49
42639001, 3.29
42640001, 3.89
42641001, 3.99
42642001, 4.19
42643001, 2.0
42644001, 4.19
42645001, 5.99
42646001, 5.99
42647001, 5.99
42648001, 5.99
42649001, 5.99
42650001, 5.99
42651001, 3.29
42652001, 3.29
42653001, 3.29
42654001, 3.29
42655001, 6.99
42656001, 5.99
42657001, 5.99
42658001, 1.79
42659001, 3.29
42660001, 1.99
42661001, 1.99
42662001, 1.69
42663001, 4.39
42664001, 4.39
42665001, 6.59
42666001, 6.99
42667001, 7.0
42668001, 3.29
42669001, 3.29
42670001, 3.29
42671001, 3.99
42672001, 3.29
42673001, 3.29
42674001, 2.41
42675001, 2.51
42676001, 2.22
42677001, 3.31
42678001, 2.22
42679001, 1.63
42680001, 1.71
42681001, 1.42
42682001, 1.65
42683001, 2.26
42684001, 0.66
42685001, 3.88
42686001, 0.69
42687001, 1.6
42688001, 2.94
42689001, 2.79
42690001, 2.79
42691001, 3.89
42692001, 2.79
42693001, 2.79
42694001, 6.99
42695001, 3.89
42696001, 2.79
42697001, 2.79
42698001, 2.79
42699001, 2.79
42700001, 2.79
42701001, 2.79
42702001, 2.99
42703001, 2.79
42704001, 2.79
42705001, 2.79
42706001, 2.79
42707001, 2.79
42708001, 2.39
42709001, 2.39
42710001, 2.39
42711001, 2.39
42712001, 2.39
42713001, 2.39
42714001, 2.39
42715001, 3.99
42716001, 3.99
42717001, 2.39
42718001, 2.39
42719001, 0.89
42720001, 0.98
42721001, 3.14
42722001, 2.81
42723001, 2.92
42724001, 2.1
42725001, 3.43
42726001, 4.29
42727001, 4.39
42728001, 3.49
42729001, 2.99
42730001, 3.39
42731001, 8.99
42732001, 2.89
42733001, 2.69
42734001, 0.99
42735001, 1.8
42736001, 3.11
42737001, 2.27
42738001, 1.49
42739001, 2.33
42740001, 2.75
42741001, 3.85
42742001, 2.1
42743001, 1.22
42744001, 2.29
42745001, 2.23
42746001, 1.62
42747001, 2.41
42748001, 1.56
42749001, 0.54
42750001, 1.11
42751001, 2.99
42752001, 1.29
42753001, 1.67
42754001, 3.99
42755001, 6.59
42756001, 6.59
42757001, 3.61
42758001, 2.78
42760001, 6.0
42762001, 3.99
42763001, 11.99
42764001, 3.99
42765001, 11.99
42766001, 3.99
42767001, 3.99
42768001, 11.99
42769001, 3.99
42770001, 3.99
42771001, 11.99
42772001, 3.99
42773001, 11.99
42774001, 3.99
42775001, 13.19
42776001, 3.99
42777001, 3.99
42778001, 4.69
42779001, 10.99
42780001, 10.99
42781001, 20.89
42782001, 2.19
42783001, 2.89
42784001, 2.19
42785001, 18.99
42786001, 8.99
42787001, 8.99
42788001, 18.99
42789001, 8.99
42790001, 18.99
42791001, 7.49
42792001, 4.19
42793001, 2.19
42794001, 1.5
42795001, 1.99
42796001, 1.99
42797001, 1.99
42798001, 3.0
42799001, 1.5
42800001, 2.19
42801001, 1.5
42802001, 3.5
42803001, 3.0
42804001, 2.19
42805001, 2.89
42806001, 2.89
42807001, 2.19
42808001, 1.99
42809001, 4.49
42810001, 2.39
42811001, 1.69
42812001, 2.39
42813001, 1.69
42814001, 2.69
42815001, 2.69
42816001, 3.29
42817001, 2.69
42818001, 2.29
42819001, 2.99
42820001, 8.79
42821001, 4.39
42822001, 2.8
42823001, 2.36
42824001, 1.42
42825001, 1.23
42826001, 1.4
42827001, 0.73
42828001, 1.82
42829001, 2.59
42830001, 0.82
42831001, 0.58
42832001, 2.14
42833001, 1.52
42834001, 0.64
42835001, 1.53
42836001, 1.68
42837001, 2.49
42838001, 1.78
42839001, 0.93
42840001, 3.92
42841001, 3.31
42842001, 2.66
42843001, 1.43
42844001, 2.94
42845001, 3.2
42846001, 0.71
42847001, 1.19
42848001, 1.99
42849001, 2.99
42850001, 1.69
42851001, 2.19
42852001, 1.69
42853001, 3.29
42854001, 3.49
42855001, 1.99
42856001, 2.99
42857001, 1.69
42858001, 1.99
42859001, 1.99
42860001, 1.99
42861001, 1.99
42863001, 1.49
42864001, 2.5
42865001, 1.49
42866001, 2.25
42867001, 2.99
42868001, 3.99
42869001, 2.49
42870001, 2.49
42871001, 2.49
42872001, 2.49
42873001, 2.99
42874001, 2.99
42875001, 5.99
42876001, 3.19
42877001, 3.49
42878001, 3.49
42879001, 3.49
42880001, 2.5
42881001, 2.5
42882001, 2.5
42883001, 2.5
42884001, 2.5
42885001, 3.99
42886001, 2.5
42887001, 4.99
42888001, 2.5
42889001, 3.77
42890001, 3.77
42891001, 3.77
42892001, 2.5
42893001, 2.5
42894001, 2.5
42895001, 2.5
42896001, 4.39
42897001, 2.5
42898001, 2.5
42899001, 4.39
42900001, 4.39
42901001, 9.59
42902001, 4.39
42903001, 4.39
42904001, 4.39
42905001, 4.39
42906001, 2.5
42907001, 2.5
42908001, 2.5
42909001, 2.5
42910001, 2.5
42911001, 2.5
42912001, 2.5
42913001, 2.5
42914001, 2.5
42915001, 2.5
42916001, 2.5
42917001, 2.5
42918001, 2.5
42919001, 4.39
42920001, 2.99
42921001, 9.39
42922001, 2.99
42923001, 4.39
42924001, 2.5
42925001, 3.69
42926001, 4.39
42927001, 3.59
42928001, 3.59
42929001, 3.59
42930001, 2.5
42931001, 3.59
42932001, 2.5
42933001, 2.5
42934001, 3.59
42935001, 3.59
42936001, 3.59
42937001, 3.59
42938001, 2.5
42939001, 2.5
42940001, 2.5
42941001, 2.5
42942001, 3.59
42943001, 3.59
42944001, 1.53
42945001, 1.74
42946001, 2.49
42947001, 1.2
42948001, 2.15
42949001, 1.76
42950001, 1.28
42951001, 1.36
42952001, 2.4
42953001, 0.61
42954001, 2.97
42955001, 3.83
42956001, 1.31
42957001, 1.87
42958001, 3.76
42959001, 1.99
42960001, 1.5
42961001, 2.69
42962001, 3.69
42963001, 3.99
42964001, 2.29
42965001, 2.99
42966001, 4.49
42967001, 0.99
42968001, 3.49
42969001, 0.99
42970001, 0.99
42971001, 2.99
42972001, 0.5
42973001, 0.99
42974001, 0.5
42975001, 3.99
42976001, 3.99
42977001, 0.58
42978001, 1.9
42979001, 3.69
42980001, 0.86
42981001, 2.45
42982001, 2.89
42983001, 1.89
42984001, 3.92
42985001, 1.91
42986001, 2.7
42987001, 3.46
42988001, 0.91
42989001, 1.95
42990001, 1.72
42991001, 1.55
42992001, 1.72
42993001, 3.46
42994001, 0.57
42995001, 2.83
42996001, 0.51
42997001, 1.49
42998001, 3.21
42999001, 0.63
43000001, 2.94
43001001, 3.68
43002001, 0.88
43003001, 2.32
43004001, 15.39
43005001, 15.39
43006001, 1.29
43007001, 1.0
43008001, 1.69
43009001, 10.49
43010001, 10.49
43011001, 10.99
43012001, 10.99
43013001, 10.99
43014001, 22.99
43015001, 10.99
43016001, 22.99
43017001, 10.99
43018001, 10.99
43019001, 10.99
43020001, 10.99
43021001, 10.99
43022001, 10.99
43023001, 22.99
43024001, 22.99
43025001, 8.69
43026001, 8.69
43027001, 8.69
43028001, 10.99
43029001, 10.99
43030001, 10.99
43031001, 22.99
43032001, 22.49
43033001, 10.99
43034001, 21.49
43035001, 10.99
43036001, 20.99
43037001, 10.99
43038001, 10.99
43039001, 10.99
43040001, 10.99
43041001, 20.99
43042001, 10.99
43043001, 3.29
43044001, 3.89
43045001, 3.89
43046001, 3.29
43047001, 1.0
43048001, 3.29
43049001, 1.0
43050001, 1.0
43051001, 1.0
43052001, 2.19
43053001, 1.0
43054001, 3.18
43055001, 2.35
43056001, 2.31
43057001, 2.76
43058001, 2.27
43059001, 3.9
43060001, 1.59
43061001, 3.59
43062001, 2.82
43063001, 1.71
43064001, 1.88
43065001, 2.98
43066001, 3.82
43067001, 2.65
43068001, 3.78
43071001, 2.89
43072001, 3.6
43073001, 2.49
43074001, 2.47
43075001, 3.62
43076001, 1.77
43077001, 1.43
43078001, 3.45
43079001, 2.27
43080001, 0.63
43081001, 2.11
43082001, 2.47
43083001, 2.23
43084001, 3.32
43085001, 3.74
43086001, 1.84
43087001, 2.65
43088001, 3.36
43089001, 2.87
43090001, 1.54
43091001, 3.4
43092001, 2.91
43093001, 2.75
43094001, 1.87
43095001, 1.67
43096001, 0.93
43097001, 3.68
43098001, 2.47
43099001, 1.6
43100001, 2.71
43101001, 2.58
43102001, 3.85
43103001, 1.33
43104001, 1.66
43105001, 2.82
43106001, 1.49
43107001, 2.25
43108001, 0.57
43109001, 1.66
43110001, 0.92
43111001, 2.41
43112001, 0.69
43113001, 1.52
43114001, 2.95
43115001, 1.24
43116001, 1.71
43117001, 0.56
43118001, 1.32
43119001, 2.72
43120001, 2.91
43121001, 1.91
43122001, 2.38
43123001, 2.19
43124001, 2.49
43125001, 2.39
43126001, 2.39
43127001, 2.89
43128001, 3.49
43129001, 2.89
43130001, 3.79
43131001, 2.89
43132001, 1.76
43133001, 2.23
43134001, 1.37
43135001, 2.18
43136001, 2.89
43137001, 2.53
43138001, 3.34
43139001, 2.72
43140001, 2.84
43141001, 1.5
43142001, 2.82
43143001, 0.87
43144001, 2.17
43145001, 2.81
43146001, 1.43
43147001, 2.63
43148001, 1.26
43149001, 3.86
43150001, 2.9
43151001, 3.94
43152001, 3.36
43153001, 1.64
43154001, 0.74
43155001, 3.11
43156001, 3.39
43157001, 1.74
43158001, 3.91
43159001, 3.27
43160001, 2.56
43161001, 1.98
43162001, 1.62
43163001, 2.77
43164001, 0.93
43165001, 3.74
43166001, 2.96
43167001, 1.8
43168001, 2.4
43169001, 1.31
43170001, 1.73
43171001, 1.83
43172001, 2.37
43173001, 0.73
43174001, 0.92
43175001, 2.13
43176001, 2.99
43177001, 1.99
43178001, 2.49
43179001, 2.99
43180001, 2.99
43181001, 2.99
43182001, 1.59
43183001, 2.94
43184001, 3.54
43185001, 2.75
43186001, 1.84
43187001, 2.81
43188001, 2.98
43189001, 1.31
43190001, 3.11
43191001, 2.79
43192001, 1.89
43193001, 1.89
43194001, 0.68
43195001, 3.18
43196001, 3.34
43197001, 2.74
43198001, 3.93
43199001, 2.96
43200001, 1.57
43201001, 0.89
43202001, 2.93
43203001, 3.29
43204001, 1.8
43205001, 3.59
43206001, 2.66
43207001, 2.16
43208001, 1.79
43209001, 21.99
43210001, 21.99
43211001, 10.49
43212001, 10.99
43213001, 21.99
43214001, 10.49
43215001, 21.99
43216001, 10.49
43217001, 21.99
43218001, 21.99
43219001, 1.83
43220001, 0.59
43221001, 1.59
43222001, 2.96
43223001, 1.46
43224001, 3.72
43225001, 0.83
43226001, 2.81
43227001, 2.35
43228001, 3.48
43229001, 1.81
43230001, 0.96
43231001, 2.19
43232001, 2.68
43233001, 1.78
43234001, 1.95
43235001, 0.72
43236001, 0.95
43237001, 3.89
43238001, 1.13
43239001, 2.45
43240001, 2.97
43241001, 3.88
43242001, 2.11
43243001, 6.99
43244001, 5.49
43245001, 4.49
43246001, 1.59
43247001, 6.99
43248001, 6.99
43249001, 6.99
43250001, 6.99
43251001, 3.38
43252001, 1.34
43253001, 2.79
43254001, 2.79
43255001, 1.79
43256001, 2.49
43257001, 3.19
43258001, 1.59
43259001, 1.59
43260001, 1.69
43261001, 2.49
43262001, 2.39
43263001, 2.49
43264001, 2.49
43265001, 2.49
43266001, 2.49
43267001, 2.49
43268001, 2.49
43269001, 1.69
43270001, 1.69
43271001, 1.69
43272001, 1.59
43273001, 1.59
43274001, 1.79
43275001, 1.79
43276001, 1.79
43277001, 1.79
43278001, 2.49
43279001, 2.49
43280001, 2.49
43281001, 2.49
43282001, 2.99
43283001, 2.99
43284001, 3.19
43285001, 3.19
43286001, 3.19
43287001, 5.49
43288001, 1.09
43289001, 1.09
43290001, 1.09
43291001, 1.09
43292001, 1.09
43293001, 1.09
43294001, 1.09
43295001, 1.09
43296001, 2.49
43297001, 3.19
43298001, 4.49
43299001, 2.49
43300001, 3.19
43301001, 4.49
43302001, 2.49
43303001, 3.19
43304001, 3.19
43305001, 2.49
43306001, 2.49
43307001, 1.69
43308001, 1.69
43309001, 1.69
43310001, 1.69
43311001, 1.69
43312001, 1.69
43313001, 1.29
43314001, 0.69
43315001, 1.29
43316001, 0.69
43317001, 1.29
43318001, 1.29
43319001, 1.29
43320001, 0.69
43321001, 1.29
43322001, 1.29
43323001, 1.29
43324001, 1.29
43325001, 0.69
43326001, 1.29
43327001, 1.29
43328001, 1.29
43329001, 1.09
43330001, 1.29
43331001, 1.29
43332001, 1.29
43333001, 1.09
43334001, 1.29
43335001, 0.69
43336001, 1.29
43337001, 1.29
43338001, 1.29
43339001, 1.29
43340001, 1.29
43341001, 1.29
43342001, 1.29
43343001, 1.29
43344001, 0.69
43345001, 1.29
43346001, 1.29
43347001, 1.29
43348001, 0.69
43349001, 1.29
43350001, 1.29
43351001, 1.29
43352001, 0.69
43353001, 1.29
43354001, 1.29
43355001, 0.69
43356001, 1.29
43357001, 1.29
43358001, 1.29
43359001, 1.29
43360001, 1.29
43361001, 1.29
43362001, 0.89
43363001, 0.89
43364001, 0.89
43365001, 0.89
43366001, 0.89
43367001, 0.89
43368001, 0.89
43369001, 0.89
43370001, 0.89
43371001, 0.89
43372001, 0.89
43373001, 0.89
43374001, 0.89
43375001, 0.89
43376001, 0.89
43377001, 0.89
43378001, 0.89
43379001, 2.99
43380001, 2.99
43381001, 2.99
43382001, 1.9
43383001, 1.15
43384001, 4.39
43385001, 3.79
43386001, 6.59
43387001, 4.39
43388001, 3.79
43389001, 3.79
43390001, 3.79
43391001, 7.69
43392001, 4.39
43393001, 7.69
43394001, 3.79
43395001, 3.79
43396001, 4.69
43397001, 4.69
43398001, 4.69
43399001, 4.69
43400001, 4.69
43401001, 4.69
43402001, 2.99
43403001, 2.99
43404001, 4.39
43405001, 2.99
43406001, 4.99
43407001, 5.48
43408001, 1.69
43409001, 6.99
43410001, 0.5
43411001, 2.99
43412001, 2.99
43413001, 2.99
43414001, 2.99
43415001, 0.5
43416001, 4.49
43417001, 1.69
43418001, 2.99
43419001, 3.69
43420001, 2.99
43421001, 2.99
43422001, 2.99
43423001, 3.99
43424001, 3.99
43425001, 3.49
43426001, 3.49
43427001, 3.49
43428001, 3.49
43429001, 3.49
43430001, 3.49
43431001, 3.49
43432001, 3.49
43433001, 3.49
43434001, 3.49
43435001, 2.69
43436001, 2.69
43437001, 3.29
43438001, 2.69
43439001, 2.99
43440001, 2.69
43441001, 2.99
43442001, 2.69
43443001, 2.69
43444001, 2.69
43445001, 2.99
43446001, 2.69
43447001, 3.79
43448001, 3.29
43449001, 2.69
43450001, 2.69
43451001, 2.99
43452001, 2.69
43453001, 2.99
43454001, 2.69
43455001, 2.69
43456001, 2.69
43457001, 1.59
43458001, 1.59
43459001, 1.59
43460001, 1.59
43461001, 14.19
43462001, 14.19
43463001, 3.29
43464001, 3.29
43465001, 3.29
43466001, 4.29
43467001, 4.29
43468001, 4.29
43469001, 4.29
43470001, 4.29
43471001, 4.29
43472001, 4.49
43473001, 4.29
43474001, 4.29
43475001, 4.29
43476001, 3.69
43477001, 2.99
43478001, 2.99
43479001, 2.99
43480001, 3.99
43481001, 3.99
43482001, 3.99
43483001, 3.99
43484001, 4.19
43485001, 4.19
43486001, 4.19
43487001, 4.19
43488001, 3.59
43489001, 4.19
43490001, 3.69
43491001, 3.69
43492001, 4.79
43493001, 2.99
43494001, 2.99
43495001, 2.99
43496001, 4.49
43497001, 3.29
43498001, 2.99
43499001, 4.49
43500001, 3.69
43501001, 2.99
43502001, 6.99
43503001, 6.99
43504001, 6.99
43505001, 6.99
43506001, 6.99
43507001, 6.99
43508001, 8.79
43509001, 0.6
43510001, 2.66
43511001, 0.66
43512001, 1.55
43513001, 1.5
43514001, 2.58
43515001, 2.36
43516001, 2.2
43517001, 2.26
43518001, 3.56
43519001, 1.8
43520001, 1.44
43521001, 1.46
43522001, 1.93
43523001, 2.41
43524001, 0.97
43525001, 1.49
43526001, 6.29
43527001, 4.99
43528001, 4.99
43529001, 4.99
43530001, 5.69
43531001, 5.19
43532001, 5.49
43533001, 7.99
43534001, 5.49
43535001, 7.99
43536001, 5.49
43537001, 7.99
43538001, 5.49
43539001, 7.99
43540001, 5.49
43541001, 5.49
43542001, 7.99
43543001, 2.79
43544001, 7.99
43545001, 7.99
43546001, 7.99
43547001, 9.99
43548001, 14.29
43549001, 2.79
43550001, 7.99
43551001, 4.29
43552001, 6.39
43553001, 2.49
43554001, 1.99
43555001, 4.29
43556001, 2.32
43557001, 1.21
43558001, 3.84
43559001, 1.99
43560001, 2.4
43561001, 2.95
43562001, 0.51
43563001, 2.78
43564001, 2.42
43565001, 2.31
43566001, 1.91
43567001, 2.84
43568001, 3.38
43569001, 0.93
43570001, 2.65
43571001, 0.96
43572001, 1.51
43573001, 1.88
43574001, 1.64
43575001, 3.87
43576001, 2.69
43577001, 3.12
43578001, 3.61
43579001, 0.84
43580001, 0.81
43581001, 3.95
43582001, 1.27
43583001, 2.88
43584001, 2.59
43585001, 1.79
43586001, 0.72
43587001, 3.25
43588001, 0.82
43589001, 2.71
43590001, 3.5
43591001, 7.49
43592001, 7.49
43593001, 7.49
43594001, 7.49
43595001, 7.09
43596001, 7.49
43597001, 7.49
43598001, 7.09
43599001, 1.09
43600001, 7.59
43601001, 5.29
43602001, 7.59
43603001, 5.29
43604001, 5.09
43605001, 5.09
43606001, 3.29
43607001, 4.79
43608001, 1.09
43609001, 7.49
43610001, 1.09
43611001, 1.09
43612001, 7.49
43613001, 1.09
43614001, 5.99
43615001, 5.99
43616001, 5.99
43617001, 5.09
43618001, 5.09
43619001, 5.09
43620001, 4.89
43621001, 5.99
43622001, 6.39
43623001, 6.39
43624001, 3.29
43625001, 3.29
43626001, 3.29
43627001, 5.99
43628001, 5.99
43629001, 5.09
43630001, 4.99
43631001, 4.99
43632001, 4.99
43633001, 4.99
43634001, 7.49
43635001, 7.59
43636001, 7.19
43637001, 3.64
43638001, 7.19
43639001, 7.19
43640001, 7.99
43641001, 1.68
43642001, 0.96
43643001, 2.97
43644001, 2.71
43645001, 2.83
43646001, 1.29
43647001, 2.45
43648001, 1.39
43649001, 1.2
43650001, 3.34
43651001, 2.21
43652001, 1.86
43653001, 2.29
43654001, 1.45
43655001, 3.24
43656001, 2.6
43657001, 2.77
43658001, 2.65
43659001, 1.58
43660001, 1.91
43661001, 3.51
43662001, 0.92
43663001, 1.35
43664001, 1.83
43665001, 0.95
43666001, 0.57
43667001, 2.19
43668001, 3.26
43669001, 2.96
43670001, 1.18
43671001, 2.11
43672001, 3.43
43673001, 1.41
43674001, 2.84
43675001, 0.7
43676001, 2.88
43677001, 2.99
43678001, 1.73
43679001, 2.85
43680001, 2.17
43681001, 1.32
43682001, 3.49
43683001, 1.22
43684001, 2.39
43685001, 1.99
43686001, 1.99
43687001, 1.99
43688001, 1.99
43689001, 1.99
43690001, 3.29
43691001, 3.69
43692001, 6.99
43693001, 6.99
43694001, 6.99
43695001, 6.99
43696001, 6.99
43697001, 6.99
43698001, 14.19
43699001, 6.99
43700001, 6.99
43701001, 6.99
43702001, 14.19
43703001, 0.52
43704001, 3.89
43705001, 3.29
43706001, 3.89
43707001, 3.29
43708001, 0.55
43709001, 3.69
43710001, 2.73
43711001, 2.47
43712001, 3.39
43713001, 2.46
43714001, 0.51
43715001, 1.96
43716001, 2.32
43717001, 1.0
43718001, 2.5
43719001, 2.5
43720001, 2.89
43721001, 0.97
43722001, 1.53
43723001, 1.55
43724001, 2.95
43725001, 1.44
43726001, 2.37
43727001, 2.85
43728001, 1.82
43729001, 1.33
43730001, 1.99
43731001, 2.33
43732001, 0.72
43733001, 3.52
43734001, 1.76
43735001, 1.62
43736001, 4.37
43737001, 2.29
43738001, 4.99
43739001, 3.49
43740001, 1.92
43741001, 0.62
43742001, 3.89
43743001, 3.81
43744001, 1.83
43745001, 3.98
43746001, 0.85
43747001, 3.91
43748001, 1.89
43749001, 2.99
43750001, 1.46
43751001, 3.94
43752001, 2.99
43753001, 1.5
43754001, 1.5
43755001, 1.5
43756001, 2.99
43757001, 2.99
43758001, 3.82
43759001, 2.17
43760001, 3.95
43761001, 1.47
43762001, 3.44
43763001, 3.5
43764001, 1.67
43765001, 2.93
43766001, 3.38
43767001, 2.93
43768001, 2.57
43769001, 3.61
43770001, 0.53
43771001, 0.74
43772001, 1.88
43773001, 3.39
43774001, 2.39
43775001, 3.49
43776001, 3.49
43777001, 3.49
43778001, 0.64
43779001, 0.56
43780001, 1.9
43781001, 2.65
43782001, 1.72
43783001, 0.89
43784001, 1.84
43785001, 6.09
43786001, 9.89
43787001, 5.29
43788001, 2.69
43789001, 1.0
43790001, 1.0
43791001, 1.0
43792001, 2.92
43793001, 2.48
43794001, 2.5
43795001, 2.95
43796001, 2.65
43797001, 2.16
43798001, 1.16
43799001, 2.38
43800001, 1.52
43801001, 1.39
43802001, 3.52
43803001, 1.33
43804001, 1.77
43805001, 2.35
43806001, 2.22
43807001, 0.63
43808001, 1.52
43809001, 1.48
43810001, 3.45
43811001, 0.93
43812001, 1.24
43813001, 2.42
43814001, 1.6
43815001, 3.73
43816001, 2.71
43817001, 2.57
43818001, 3.39
43819001, 2.9
43820001, 0.92
43821001, 2.65
43822001, 2.24
43823001, 1.81
43824001, 1.67
43825001, 2.41
43826001, 0.69
43827001, 3.68
43828001, 4.99
43829001, 2.76
43830001, 1.82
43831001, 1.13
43832001, 3.97
43833001, 1.8
43834001, 2.36
43835001, 2.25
43836001, 0.81
43837001, 1.31
43838001, 3.96
43839001, 3.75
43840001, 2.2
43841001, 2.36
43842001, 3.98
43843001, 1.32
43844001, 9.89
43845001, 9.89
43846001, 2.99
43847001, 2.99
43848001, 3.99
43849001, 2.99
43850001, 1.69
43851001, 1.25
43852001, 1.69
43853001, 1.69
43854001, 1.59
43855001, 2.0
43856001, 1.15
43857001, 3.99
43858001, 5.49
43859001, 5.19
43860001, 1.79
43861001, 1.79
43862001, 1.39
43863001, 1.69
43864001, 1.79
43865001, 1.79
43866001, 1.69
43867001, 1.79
43868001, 1.69
43869001, 1.79
43870001, 4.29
43871001, 1.39
43872001, 1.69
43873001, 1.79
43874001, 1.39
43875001, 12.99
43876001, 1.0
43877001, 2.55
43878001, 3.15
43879001, 1.55
43880001, 2.59
43881001, 0.87
43882001, 2.78
43883001, 1.67
43884001, 1.66
43885001, 2.74
43886001, 0.8
43887001, 3.98
43888001, 3.28
43889001, 3.32
43890001, 1.28
43891001, 3.21
43892001, 2.72
43893001, 1.84
43894001, 2.99
43895001, 3.22
43896001, 0.94
43897001, 2.76
43898001, 1.45
43899001, 1.85
43900001, 0.67
43901001, 3.33
43902001, 1.44
43903001, 1.34
43904001, 0.68
43905001, 2.51
43906001, 1.85
43907001, 1.72
43908001, 3.98
43909001, 1.66
43910001, 2.99
43911001, 2.65
43912001, 3.83
43913001, 3.91
43914001, 2.67
43915001, 2.29
43916001, 1.55
43917001, 1.41
43918001, 2.78
43919001, 1.55
43920001, 1.78
43921001, 3.19
43922001, 2.99
43923001, 1.8
43924001, 1.75
43925001, 1.73
43926001, 1.59
43927001, 0.88
43928001, 2.33
43929001, 3.18
43930001, 2.38
43931001, 1.66
43932001, 2.87
43933001, 3.91
43934001, 2.2
43935001, 1.43
43936001, 2.72
43937001, 1.64
43938001, 3.32
43939001, 1.55
43940001, 2.22
43941001, 2.95
43942001, 3.67
43943001, 3.16
43944001, 1.25
43945001, 3.57
43946001, 1.13
43947001, 0.8
43948001, 0.51
43949001, 1.38
43950001, 2.77
43951001, 2.91
43952001, 1.47
43953001, 2.25
43954001, 1.35
43955001, 3.13
43956001, 3.21
43957001, 0.89
43958001, 2.0
43959001, 1.17
43960001, 0.76
43961001, 3.29
43962001, 1.29
43963001, 1.29
43964001, 1.29
43965001, 1.29
43966001, 1.29
43967001, 1.29
43968001, 1.29
43969001, 1.29
43970001, 1.29
43971001, 1.29
43972001, 1.29
43973001, 1.29
43974001, 1.29
43975001, 1.29
43976001, 1.29
43977001, 1.29
43978001, 1.29
43979001, 1.29
43980001, 0.57
43981001, 0.6
43982001, 1.4
43983001, 1.74
43984001, 1.32
43985001, 1.5
43986001, 2.77
43987001, 2.83
43988001, 1.15
43989001, 0.63
43990001, 3.98
43991001, 1.26
43992001, 0.78
43993001, 3.74
43994001, 1.23
43995001, 0.75
43996001, 2.21
43997001, 2.46
43998001, 2.23
43999001, 3.55
44000001, 3.95
44001001, 1.81
44002001, 2.59
44003001, 1.73
44004001, 3.19
44005001, 1.98
44006001, 0.76
44007001, 0.68
44008001, 2.65
44009001, 1.19
44010001, 2.63
44011001, 3.66
44012001, 2.29
44013001, 2.29
44014001, 1.29
44015001, 1.29
44016001, 1.29
44017001, 1.09
44018001, 1.09
44019001, 1.09
44020001, 1.09
44021001, 1.09
44022001, 1.09
44023001, 1.09
44024001, 1.09
44025001, 0.79
44026001, 0.79
44027001, 0.79
44028001, 0.79
44029001, 0.79
44030001, 0.79
44031001, 0.79
44032001, 1.09
44033001, 1.09
44034001, 1.09
44035001, 1.09
44036001, 0.79
44037001, 0.79
44038001, 0.79
44039001, 0.79
44040001, 0.79
44041001, 0.79
44042001, 1.09
44043001, 1.09
44044001, 1.29
44045001, 1.29
44046001, 1.29
44047001, 1.78
44048001, 1.35
44049001, 1.97
44050001, 1.54
44051001, 1.1
44052001, 2.78
44053001, 0.53
44054001, 0.76
44055001, 0.63
44056001, 1.84
44057001, 2.97
44058001, 2.46
44059001, 2.59
44060001, 2.59
44061001, 2.59
44062001, 2.59
44063001, 1.39
44064001, 1.39
44065001, 1.39
44066001, 1.39
44067001, 1.39
44068001, 2.29
44069001, 1.39
44070001, 1.39
44071001, 1.39
44072001, 1.39
44073001, 1.39
44074001, 1.39
44075001, 1.39
44076001, 1.39
44077001, 1.39
44078001, 1.39
44079001, 1.39
44080001, 1.39
44081001, 2.29
44082001, 1.99
44083001, 1.39
44084001, 1.39
44085001, 1.39
44086001, 1.39
44087001, 2.59
44088001, 2.59
44089001, 2.59
44090001, 2.99
44091001, 2.99
44092001, 2.99
44093001, 2.99
44094001, 2.99
44095001, 2.99
44096001, 2.99
44097001, 1.39
44098001, 1.39
44099001, 2.29
44100001, 1.39
44101001, 1.39
44102001, 1.39
44103001, 1.39
44104001, 1.39
44105001, 5.49
44106001, 1.99
44107001, 1.99
44108001, 1.99
44109001, 4.39
44110001, 4.39
44111001, 4.39
44112001, 1.78
44113001, 0.9
44114001, 2.16
44115001, 2.35
44116001, 3.16
44117001, 0.66
44118001, 1.25
44119001, 3.99
44120001, 3.99
44121001, 2.29
44122001, 3.49
44123001, 3.49
44124001, 3.49
44125001, 3.49
44126001, 3.29
44127001, 2.8
44128001, 2.34
44129001, 5.49
44130001, 5.49
44131001, 5.49
44132001, 2.96
44133001, 0.78
44134001, 2.52
44135001, 0.89
44136001, 2.65
44137001, 2.14
44138001, 2.87
44139001, 2.27
44140001, 2.76
44141001, 1.55
44142001, 2.97
44143001, 0.59
44144001, 2.76
44145001, 3.17
44146001, 2.74
44147001, 3.59
44148001, 3.69
44149001, 3.59
44150001, 3.69
44151001, 6.59
44152001, 11.99
44153001, 10.99
44154001, 10.99
44155001, 6.59
44156001, 6.59
44157001, 6.59
44158001, 3.99
44159001, 3.59
44160001, 6.49
